1
46448374
285260
13077615
15515514
35499719
2076653
142446860
902568
27296140
19093512
3091529
1335354
2350048
3433110
1337409
561139
2350793
2350616
3433535
286338
81161764
25106136
996689
903773
2418929
18077834
59860619
903131
155586641
2079382
2079011
2079755
2079761
7630820
22204330
906053
9177899
118984979
6339901
7789654
2352432
4518766
1980097
998269
998301
1613735
3092328
51863
60533471
3438635
907002
20752431
62632570
3712754
1616817
130532
4453414
53169
53756
37441515
130281
5100206
909890
909750
14714364
1985782
117471387
24305446
841513
28592346
29308769
4455930
1550878
842346
1550670
22575617
5537213
4020620
1275277
1275017
1277212
23592583
21129594
4021076
4456268
56451
35349212
56598
3375327
56890
133024
8009871
1988163
1276607
1276323
21060054
5472043
57390
57943
4732765
2359920
1987034
1277927
1552106
846200
55175218
135378
845209
847155
59361
59960
2201982
11815253
136821
27146745
1989488
1989608
8652591
1831713
30992756
5108033
1556186
4735740
4300816
17834447
4736273
2295718
21407996
1557529
2296051
7205493
5751505
4394981
62207749
57985566
3931981
25697736
4395214
5042248
50452065
8932342
7299993
7299897
783417
1491547
2298092
5478918
1833757
7917226
17403948
1492757
2851000
29182636
2141093
6128504
39116533
418477
350708
4399457
6772909
4674373
30999641
8937818
1127363
419633
786643
2143792
58913279
14225639
53911371
2142955
1128647
1060861
3938299
2145636
5049236
3595764
15241515
3870404
34761747
1404565
353580
1773080
1061952
2579994
1771876
2579071
355543
355450
9954902
1772036
3501391
6066848
6066639
7081878
18424597
1499065
2080501
23380296
5693391
357755
357891
3871357
1065452
3596219
4245234
3503714
1409159
1341303
1341139
6068100
2149889
4520817
290027
358107
290589
2082498
2082597
3599598
17778355
5604381
5697404
8165501
1342261
9523541
6778650
910704
635606
1779386
7428480
56320636
1343112
2427686
292458
2427224
50672479
762603950
9182895
201302
294394
911763
5263504
293394
761522514
6345815
201210
2086828
2703866
2704113
11698168
2429004
33319541
203933
33319045
2427991
3442713
24034878
1621611
26840983
2360908
203193
24746050
49639053
20827838
2798653
2088430
1991096
1991157
1991640
6283223
7640308
65268820
2797926
2087631
2362407
4528404
2087228
2705747
1990091
4803808
25763898
1900380
299523
1900815
4529901
6902546
485450005
3448270
2708827
916314
4462018
3722195
62636
62707
5110365
2089519
208387
40653884
208299
1992020
1992481
63189
141642
45931639
576624
7644364
3725223
851738
1995824
851668
5546280
51328493
141091
1903116
1903488
1901479
14449949
1997377
37020301
63661277
66270
66273
4031034
9468510
7647168
2645305
20331916
66832
66914
578853
578367
67080
1562632
144957
3387758
4468272
68406
68633
7924406
68722
9310020
2212596
7649210
3661398
855263
1288358
35292941
2920875
28514891
69997
2211319
6840898
3660244
48406996
856162
856488
3660808
121610759
148376
12842191
4310547
857410
1565806
17569984
422750
30200999
1567448
1840601
4746708
149063
3662917
2213522
45228701
45503198
3941611
1133678
8668671
792252
425593
18928939
114860134
44790383
58368897
53368339
8945638
18153559
3943669
3668396
2217312
2927393
1411301
360862
360774
3942193
3667535
3942616
1845275
2150132
7861322
360495
1845942
6137918
1848530
5331522
14510600
361557
796087
361395
2507
2735
2929951
2841
53921262
705023
362156
6072469
2587287
2587303
1070178
3016
6849622
362725
1070046
765511088
3782
1782597
8172451
6784278
1782982
706520
706950
4251895
24812424
23020882
4364
2155988
4913
1781136
1781610
1849209
756019472
1415981
5186
93798656
5390
4688428
22376921
52131641
34064431
6018
640560
6301
640223
6652
31226006
6783
2432305
4689664
2156362
6350369
3171125
7261
24815289
3238737
6078389
1351287
29751088
21296202
1076165
8601
8688
2092344
8837
8867
11611482
38603484
11336629
130340631
2158444
1352625
2090275
2090724
2158072
2158003
9969
2001475
210004
2001633
46808536
3519810
646803
921930
211961
1788325
7005136
2003423
3453414
2439682
647305
24478374
2712937
4100892
2712081
1356212
4811357
6632288
648557
5550754
2095825
2095662
214860
2098919
2005854
5987246
4812126
2006142
4812315
2006160
765455564
581524
2006570
9104016
5619344
2097329
70323
70855
2004782
1633558
3454906
2005373
2372784
9105118
2375633
71458
3390135
1292205
3390880
2718839
9473776
2650959
8459780
860226
860631
72943
1293499
2099462
22500643
1635224
3731399
3021978
73323
6639081
151884
2377286
3025535
218513
849650571
4199427
1638621
74833
2009061
6203170
11556329
3459219
862279
4817756
929641
75451
8025789
1914837
6206680
153349
1571852
13930694
2379693
6574278
76248
76961
1915721
1915724
1913420
15477168
28247485
1572319
31724740
6298920
154188
1914164
5559305
28523365
1298988
6207704
3028408
2930215
5494837
2656434
1574786
2656574
6575789
1299461
7936521
8308217
1575748
1575642
5402815
3673805
2590311
55470884
5060997
22441240
433705
1576518
8674351
5062006
39134810
4047396
40880139
4047056
5129440
2936810
2501708
1854169
17144713
1852352
1852331
436263
436005
2225601
435297
2160860
5407567
2596290
436979
124805248
4325001
1146809
713124
2227087
7503818
2227571
712588
779807851
5341446
1147792
4601732
29547079
1147326
61790269
2873050
2871964
1857493
10326321
372358
4328920
7166577
7167611
3247343
1700474
19891593
1791308
4697798
1859730
49716109
4972403
5344983
3182141
52851508
718408
1702776
60345814
719517
377147
11620398
7167976
36880174
7878997
376598
1701321
719249
1796881
6088194
3801486
15976047
2168321
1362133
7720070
1796267
7448230
27665975
2446019
1362883
43913445
8462531
221389
28681034
35159665
3802911
3802579
220757
3802087
930348
657565
4269966
2013243
4269781
657927
3188087
2012108
658848
1641606
2012300
2447351
3187054
3187123
42832117
7727745
224358
56344109
3740709
934623
78058846
5561450
2014784
2014933
2014669
16998180
4480606
4548444
20139512
4481091
2018817
4481563
35006800
3467646
3032619
14467591
82269
82833
82864
937154
3809020
26864320
1645137
2017367
2662376
17214781
3035450
5841480
6924356
5908101
3744479
12923274
9119436
1921992
2019550
2019509
2019505
1647587
504739
24335744
29612121
85070
28255641
3033890
873259
3747592
85712
1924394
56900753
163959
598949
4050826
1213849
3036904
3311867
86527
1582873
25076311
5569651
1923783
4761780
58014764
720688082
165887
440134
2231961
508297
9489427
875445
4763124
3748502
6151886
441790
4489734
10488933
442375
167941
773886340
1585405
877106
6863569
7945869
37045353
34299882
5780591
4766018
168815
11413245
444867
2235995
1152548
2511583
5414279
444232
3685284
2234649
1862435
5783227
1153907
445025
6864924
5415727
7882566
15334107
2513277
2238556
27733347
2511776
2512598
4335504
41542621
3255848
2172170
35161977
1868080
2171453
2881323
6092380
130856225
2239429
7451245
2174740
54682583
2175560
4981207
30504189
384874
4339135
2173184
57219458
18886344
1869039
8532416
47906284
728936
728981
660634
1001021
728432
2887906
5355343
2177057
2177002
9275163
8100141
2518159
2176217
127223941
4274302
4617105
386854
6003756
21590309
34428204
4275141
8813658
1714272
1714777
2889977
6099079
4986276
3100249
2453634
663466
4551856
7889923
40809157
2453925
2888335
40466403
1096941
663997
2178043
4987146
3471665
1005927
3538901
38992460
98940781
1006812
4278738
2455565
2455635
777225996
2020126
20579895
2023335
2390237
2390740
12376094
666951
43215671
5636951
5570863
23049308
1651320
668435
232965
1008961
2022138
942645
2022988
2735930
1652326
3750254
1652090
11637192
1009727
235225
1719459
3199552
6379484
7736803
4490631
31462983
6221857
4123103
2027504
2670571
91439
2670365
2395168
19044598
2395012
2395089
2026648
947749
3476332
513577
2397041
1221637
1221102
8046191
2305282
880143
785920907
2028337
171559
1222344
23606307
21507404
4127938
514181
239056
95825
2306890
20428021
40251035
23607432
130921429
17594191
20703407
3756701
5579178
96258
5579431
5854441
31033670
4496802
1933280
3320348
8757460
4404745
4839859
5855281
97674
175734
175741
3758822
6596487
2675576
2675116
4498765
2675238
3048815
5421184
176636
51912890
3322614
99914
18956466
2678773
1871040
519516
11420452
178946
1229400
2677777
22804884
6939946
2677252
453890
32488285
72820474
178051
5080509
4066743
1870815
1938026
12873399
27807521
2955797
8972969
2520337
50834447
2245762
3260760
4342362
22806364
3602354
6165570
1163717
1872364
183070813
21380684
55128111
731537
5083896
40969641
4069354
29564634
2958128
18249507
1508685
18524729
2521714
2956746
457051
4345541
3696870
2522093
3971441
3261675
457326
3265638
1877848
53399698
5703067
458644
8541098
3974100
5429864
391951
3263749
15623671
1169289
4280101
4348077
735786
1443708
1168990
5364447
2183835
4991696
736967
3608370
395701
670834
30173947
2804919
737798
395015
3543596
304289
23052171
2803431
3542908
4901640
4284813
2803071
5366426
4284444
1013672
1723967
6015367
2806383
121860074
2806171
2806195
3821160
3546569
1380502
304661
1724811
306992
44028284
2463080
7899229
398737
57166627
17728175
11643746
17728263
399699
5369414
1726934
3480167
399909
308508
4998025
14548104
2807576
4905512
29783788
1725801
240268
309929
309431
49308406
676797
1017132
2033857
241716
2033479
2033580
1386559
1386348
156992233
151990665
3114918
678396
42142305
952623
3114689
3114738
1662155
2035310
3760788
32553779
243145
8119244
50280058
2469716
7749383
3052719
50993637
2747404
624368108
246175
520473
5925654
18314067
2036011
3761079
522546
5927592
47422953
10133182
105898791
5928340
33573204
180750
10495
10487
10669
10833
958302
5585288
2682102
3489253
5150407
35395196
11977
959177
1667258
1667224
23273566
5861094
15847791
47792623
7315695
12680
14765757
12741
1668703
892469
13148
182706
13745
13897
526709
2683508
4072255
1946888
184771
1235673
7253523
6513869
15614
27196680
527099
896307
37497839
4073144
767431271
1945649
16507
16600
23277755
35306143
3332031
1948094
187911
187471
187529
4417677
17694
17790
17772
1881004
11155392
18530396
2252199
1947523
6949342
4418913
6514579
462606
1513229
1238632
4351193
6174236
769258851
5434878
19459
899496
19668
19870
33147342
3337993
3612563
17516928
5710224
807732
1882514
807431
741543
5436410
3615506
466449
5001636
759944204
3982563
1516995
1516626
3614735
3271279
1175048
809553
6451115
139427792
2192012
3617332
2534462
5095915
5438613
468089
54766566
1886004
5097403
3616700
3983409
5371993
26304313
8617897
7196320
310882
3987504
2811804
2811573
2812371
1178801
111359593
2102355
7471603
2193417
1454563
1179761
1179775
13536311
26306804
4634751
40483721
2196912
18106475
2471182
2196084
55787100
312519
16009553
3278715
5651835
1730195
1730561
770143068
3277926
1456922
3552517
748501
748670
748749
132269995
3556827
314442
4570113
2106311
11650085
749729
39014798
7474720
1459735
35462748
1391262
2108338
1300280
15297277
2818267
17738168
2818188
829215269
41136122
1024668
1024858
250579
250220
4572868
2474538
20939431
35188338
319350
81629522
2043157
32628415
770080758
3492619
13478550
2041598
2041531
1028084
2042483
9577130
3491380
252156
6399355
19062722
3770145
1304382
5591912
8061943
3837947
3837862
1671548
76608589
963994
12739705
3401192
2754074
2479727
4852551
3493896
2479378
44688543
966289
5593332
256233
4578813
770085523
3497385
55294910
1673876
2047827
17677993
2322382
4579441
256861
6950872
7048526
1307369
2756915
1674978
8062665
2046917
20464
20510
2049160
20925
793434171
257726
1950529
5161607
2690981
21183
191673
5229880
21584
3498423
9148404
21894219
40611785
10145177
5596785
2048879
6678119
22422
535839
8343390
5505400
1954032
1954836
15791419
26463991
7327269
23725
23842
2692983
100904
27110711
24068
24269
537711
24714
7697932
812246
7972480
1956684
1956874
2971506
101994
49194373
6523387
6958848
25435
52738172
103210
4425585
195688
3342077
17890036
27549740
1890386
17800444
65167852
2605228
1958519
7975926
24210081
2606356
27040
27052
3620643
772809546
471781
1181051
2604740
38430634
815629
1957830
1248398
6182366
1180497
6184214
3280826
20386458
1800119
1524960
816275
4797440
1959040
4362476
1525969
121388523
52676039
6801264
1892049
1182889
107450
4363209
1526999
1895274
1526579
33159641
15089747
12801943
5722028
1801483
1185334
53600570
752090
109777
1527757
819090
16012246
19902560
4365780
478568
5448639
4365428
2544206
3626100
479754
1462877
6805419
6189691
1803807
51504393
3993014
9369263
21037878
320434
2821877
5383150
1463351
1807335
4368847
1807427
4368571
4643197
4643054
1807867
8562467
5384430
2110187
3560226
3285710
38439429
11726557
2481173
4644928
8908205
1741207
1030888
4920005
1030372
27059328
20510070
1809565
322180
3563506
30100692
2112764
2112693
1031551
11384242
2113341
690419
3287626
5662388
8132826
1032931
1032969
6034028
3130270
8132129
1469281
6469587
4580838
10647184
325160
1035011
1745325
23075562
25173382
7487295
4214080
6747981
759461215
24158754
47939790
601979
601846
2828951
1746237
260295
5665732
970453
1744359
3567740
20880631
26255999
9217248
2117137
19845925
3841303
8133595
602813
5941561
3410770
3135158
261793
2052496
14844753
2488036
2053214
2051743
262786
2051602
972259
3569881
6681409
30473294
3412990
263994
83671975
29371958
606195
4218952
8781584
2330234
263481
766151364
698396
264968
3411425
2054538
264437
6316208
699471
24004630
4153430
975299
43181835
38500434
265856
167688385
2056626
6250717
266168
7058184
2056839
2056989
64090520
6688343
2059053
5238044
30148
3416355
977881
5512250
5947331
4865466
1685623
19418068
2059855
1960536
31498
7335145
4431469
2058910
13768852
4157855
32998
544143
6689644
3075213
26473997
6254650
33569
33606
3417862
110582
545866
110075
770009918
20459905
34256
34956
4869499
3788046
1966001
1966445
2271280
823121
4435535
40901771
10159203
1256730
4435837
112923
4093093
2612207
36208
2615965
36814
2615504
1968332
3355416
3355627
2273839
37251
37940
110789049
5177133
11518606
3079711
4713779
7619017
28576804
1810170
23918000
31069096
4004507
39739
2985345
6102872
2616602
7986620
6536064
2617044
121305420
22837490
1812415
4716055
50865732
2277841
487760
5457803
829154
3633657
1811312
1811671
2619052
2551273
5733675
18556553
489267
26049057
764989789
119832644
4719566
3910858
5391003
1539147
2121114
130896531
3571389
330446
52256925
1105526
5392912
1817037
1817174
5736435
2120111
2120100
3913116
17750580
4654424
6042342
2558809
767657
5394222
49766318
6109498
3298510
333718
5028955
333078
6043423
1041993
9657424
24599945
39808962
26260936
33017723
3208971
1477746
6320189
1477126
28085911
2493948
5671846
5304003
2124372
5398836
3207778
610053
5305126
335147
3578277
2128559
29444203
2838560
2060801
19579437
2060448
1479443
1479429
336541
1479016
4934364
270046
1754803
337213
8853057
2127938
5307342
47238512
4225376
33664350
4936346
3144948
26977387
982415
272131
9596800
6690984
4594244
982076
272761
8145791
4937510
762675934
6691289
2129781
616280
4870085
8081811
40351919
6694516
3421873
1048741
1323442
4229281
274439
39039358
2406914
4504877
3420837
5520507
2409148
32585805
18069760
806169331
1326053
1693810
985950
3791620
2067196
617930
2408148
18068567
2775354
2775489
3858071
276255
3790014
773996582
8703669
3426925
8428781
277082
40285
3426449
40708
277302
2069398
52479319
4876990
41020
41208
49553090
41763
25031948
988008
2068034
4877080
279197
5524953
279908
53129512
2348378
4444396
44881
10168588
5526362
1976278
1976650
1974290
21826845
45887
144105772
557797
1540734
1540693
7349023
6544281
3365491
3640132
31351905
1978492
1541978
5462876
4012008
1268857
3799701
50937261
2282133
4380703
836551
48752536
3367279
25683325
1820713
49613
1110918
1545715
12979988
3641512
1979966
5808294
34101456
1822078
6824899
2628608
8920241
1112043
1547527
42028218
496187
5031761
14212564
759608298
2906728
3211225
1113241
5467950
23589688
24880521
13998515
56184638
7907039
35553394
773254
3649506
17761721
407450
2565057
5311024
3922430
340450
1116505
5745878
340282
23432739
3647594
5747225
6762622
49341074
1050829
3583475
3583455
5037910
14216031
1761012
6488368
778228
6052859
43328708
344014
1487947
1052567
3585442
3585402
52545918
22079332
15232403
7136455
39752780
621399
55385638
14153486
1765026
2412630
1054835
1054001
2138052
29179630
32220478
37222325
18139122
4510476
4235679
2072346
25538392
348865
348825
623133
4946062
18074881
990678
9513444
282075
1332743
6768805
47892702
2781692
2071538
24455976
1769763
4238765
1333040
1058151
29458512
4171794
20812884
4514862
25539637
79107858
3865936
626686
